35,48.2107,16.4211,1326150960
35,48.2087,16.4254,1326079080
35,48.2087,16.4254,1326078660
35,48.1981,16.3183,1325823360
35,48.2088,16.4264,1325571600
35,48.1903,16.3562,1324830240
35,48.1906,16.3561,1324830120
35,48.2122,16.4223,1324448220
35,48.2122,16.4222,1324447860
35,48.184,16.3729,1323966840
35,48.2057,16.3711,1323922620
35,48.2124,16.4222,1323829500
35,48.2123,16.4222,1323829380
35,48.2123,16.4222,1323235920
35,48.2122,16.4222,1323049980
35,48.2215,16.4019,1322951820
35,48.216,16.4106,1322622900
35,48.2177,16.4081,1322622840
35,48.2178,16.4106,1322622840
35,48.212,16.4221,1322590080
35,48.219,16.392,1322273580
35,48.2088,16.4259,1322231040
35,48.229,16.4107,1322177220
35,48.2343,16.4151,1322177160
35,48.2438,16.3699,1322166120
35,48.2088,16.4259,1322062200
35,48.2115,16.4224,1321936740
35,48.2102,16.4214,1321916160
35,48.2122,16.4222,1321888200
35,48.1997,16.366,1321797840
35,48.1896,16.3611,1321782960
35,48.2059,16.3715,1321717920
35,48.2077,16.3568,1321683480
35,48.2071,16.3941,1321683180
35,48.2111,16.4203,1321669500
35,48.1867,16.3515,1321574940
35,48.184,16.3517,1321574640
35,48.2157,16.4132,1321445160
35,48.1996,16.3521,1320875520
35,48.2058,16.3711,1320799860
35,48.1947,16.3176,1320624060
35,48.1897,16.4108,1320586860
35,48.2129,16.3739,1320555960
35,48.213,16.374,1320554280
35,48.2226,16.402,1320425220
35,48.2353,16.3601,1320375780
35,48.2177,16.3729,1320375420
35,48.2121,16.422,1320369180
35,48.2056,16.3712,1320360420
35,48.1939,16.4083,1320268980
35,48.2121,16.422,1320170220
35,48.2156,16.4161,1320110760
35,48.1955,16.3181,1320019380
35,48.1966,16.3185,1320019260
